124 0 150 45
124 45 150 112
150 0 176 45
150 45 176 112
176 0 202 45
176 45 202 112
202 0 228 45
202 45 228 112
228 0 254 45
228 45 254 112
254 0 280 45
254 45 280 112
280 0 306 45
280 45 306 112
306 0 332 45
306 45 332 112
374 0 400 45
374 45 400 112
400 0 426 45
400 45 426 112
426 0 452 45
426 45 452 112
452 0 478 45
452 45 478 112
478 0 504 45
478 45 504 112
504 0 530 45
504 45 530 112
530 0 556 45
530 45 556 112
580 0 606 45
580 45 606 112
606 0 632 45
606 45 632 112
632 0 658 45
632 45 658 112
658 0 684 45
658 45 684 112
684 0 710 45
684 45 710 112
710 0 736 45
710 45 736 112
736 0 762 45
736 45 762 112
762 0 788 45
762 45 788 112
119 190 146 255
119 255 146 320
146 190 173 255
146 255 173 320
173 190 200 255
173 255 200 320
200 190 227 255
200 255 227 320
227 190 254 255
227 255 254 320
254 190 281 255
254 255 281 320
281 190 308 255
281 255 308 320
308 190 335 255
308 255 335 320
347 190 374 255
347 255 374 320
374 190 401 255
374 255 401 320
401 190 428 255
401 255 428 320
428 190 455 255
428 255 455 320
455 190 482 255
455 255 482 320
482 190 509 255
482 255 509 320
509 190 536 255
509 255 536 320
536 190 563 255
536 255 563 320
574 190 601 255
574 255 601 320
601 190 628 255
601 255 628 320
628 190 655 255
628 255 655 320
655 190 682 255
655 255 682 320
682 190 709 255
682 255 709 320
709 190 736 255
709 255 736 320
736 190 763 255
736 255 763 320
763 190 790 255
763 255 790 320
930 188 956 253
930 253 956 318
956 188 982 253
956 253 982 318
905 247 931 321
119 403 146 465
119 465 146 527
146 403 173 465
146 465 173 527
173 403 200 465
173 465 200 527
200 403 227 465
200 465 227 527
227 403 254 465
227 465 254 527
254 403 281 465
254 465 281 527
281 403 308 465
281 465 308 527
308 403 335 465
308 465 335 527
374 403 401 465
374 465 401 527
401 403 428 465
401 465 428 527
428 403 455 465
428 465 455 527
455 403 482 465
455 465 482 527
482 403 509 465
482 465 509 527
509 403 536 465
509 465 536 527
536 403 563 465
536 465 563 527
578 403 605 465
578 465 605 527
605 403 632 465
605 465 632 527
632 403 659 465
632 465 659 527
659 403 686 465
659 465 686 527
686 403 713 465
686 465 713 527
713 403 740 465
713 465 740 527
740 403 767 465
740 465 767 527
908 403 935 468
908 468 935 533
935 403 962 468
935 468 962 533
962 403 989 468
962 468 989 533
175 610 200 680
213 610 240 680
213 610 267 680
280 610 307 680
280 610 334 680
348 610 375 680
348 610 402 680
348 610 429 680
348 610 456 680
348 610 483 680
348 610 510 680
348 610 537 680
348 610 564 680
578 610 605 680
578 610 632 680
578 610 659 680
578 610 686 680
578 610 713 680
578 610 740 680
578 610 767 680
578 610 794 680
910 610 937 680
910 610 964 680
910 610 991 680
